,month_id,Date,divisor
0,196001,1960-01-01,2667472.4366706875
1,196002,1960-02-01,2818484.3268196485
2,196003,1960-03-01,2824950.6361323153
3,196004,1960-04-01,2739913.901848197
4,196005,1960-05-01,2856961.146323796
5,196006,1960-06-01,2803028.8443066715
6,196007,1960-07-01,2804242.427023639
7,196008,1960-08-01,2844460.511413909
8,196009,1960-09-01,2743542.0726144863
9,196010,1960-10-01,2811195.235436442
10,196011,1960-11-01,2822882.0894177034
11,196012,1960-12-01,2925208.5563380285
12,196101,1961-01-01,2947552.0931011387
13,196102,1961-02-01,2886928.970966704
14,196103,1961-03-01,2897479.577354959
15,196104,1961-04-01,2848949.082864955
16,196105,1961-05-01,2863409.073308271
17,196106,1961-06-01,2825880.080387077
18,196107,1961-07-01,2940069.9342909534
19,196108,1961-08-01,2884450.6914736684
20,196109,1961-09-01,2873219.9691495686
21,196110,1961-10-01,2916290.3125
22,196111,1961-11-01,2908559.8498171074
23,196112,1961-12-01,2926481.476512406
24,196201,1962-01-01,2908185.617851455
25,196202,1962-02-01,2912806.0025633723
26,196203,1962-03-01,2903585.3588703936
27,196204,1962-04-01,2820015.350844967
28,196205,1962-05-01,2783964.5340530244
29,196206,1962-06-01,2872207.00611181
30,196207,1962-07-01,3015375.3203440406
31,196208,1962-08-01,2984372.4047334245
32,196209,1962-09-01,2864326.4504310344
33,196210,1962-10-01,2992882.617500445
34,196211,1962-11-01,3055841.813790806
35,196212,1962-12-01,2983299.4432471264
36,196301,1963-01-01,3006595.306255764
37,196302,1963-02-01,2871718.325242718
38,196303,1963-03-01,2993192.823968326
39,196304,1963-04-01,2996463.0635543917
40,196305,1963-05-01,2969894.3202879955
41,196306,1963-06-01,2903737.405505634
42,196307,1963-07-01,2948878.1652671206
43,196308,1963-08-01,2996251.752254156
44,196309,1963-09-01,2916338.8512354153
45,196310,1963-10-01,3024150.920854443
46,196311,1963-11-01,2990947.2769209584
47,196312,1963-12-01,3025227.6914520697
48,196401,1964-01-01,3061360.981033355
49,196402,1964-02-01,3089470.4047680576
50,196403,1964-03-01,3077652.9171954314
51,196404,1964-04-01,3057962.7017137855
52,196405,1964-05-01,3060453.378964321
53,196406,1964-06-01,3131683.4387462614
54,196407,1964-07-01,3068966.0643475126
55,196408,1964-08-01,3063963.7164634145
56,196409,1964-09-01,3091598.056288215
57,196410,1964-10-01,3061976.7030053036
58,196411,1964-11-01,2997446.8354985956
59,196412,1964-12-01,3106031.5626488808
60,196501,1965-01-01,3126902.9987227125
61,196502,1965-02-01,3096436.074927954
62,196503,1965-03-01,3052200.7874582517
63,196504,1965-04-01,3134872.9183244286
64,196505,1965-05-01,3061021.4759744625
65,196506,1965-06-01,3072049.5972483535
66,196507,1965-07-01,3110666.2613355317
67,196508,1965-08-01,3105176.2111226735
68,196509,1965-09-01,3109375.9048444843
69,196510,1965-10-01,3121017.693401904
70,196511,1965-11-01,3033157.615301139
71,196512,1965-12-01,3096760.4178022454
72,196601,1966-01-01,3040802.7727175313
73,196602,1966-02-01,2994618.946218578
74,196603,1966-03-01,3052537.902930918
75,196604,1966-04-01,3025385.55540393
76,196605,1966-05-01,3031423.4025697163
77,196606,1966-06-01,3009479.091622124
78,196607,1966-07-01,2974548.571470177
79,196608,1966-08-01,2923720.381277123
80,196609,1966-09-01,3005601.558282997
81,196610,1966-10-01,3197692.1366524054
82,196611,1966-11-01,3045710.43956044
83,196612,1966-12-01,3040821.1468707733
84,196701,1967-01-01,3142794.1651865006
85,196702,1967-02-01,3059289.4960508244
86,196703,1967-03-01,3108915.295795124
87,196704,1967-04-01,3190753.4342018473
88,196705,1967-05-01,2992011.2120639374
89,196706,1967-06-01,3067646.3592365743
90,196707,1967-07-01,3117581.723739383
91,196708,1967-08-01,3028565.747698169
92,196709,1967-09-01,3102378.604790732
93,196710,1967-10-01,3050940.4165795525
94,196711,1967-11-01,3164444.1101877834
95,196712,1967-12-01,3183522.6364113325
96,196801,1968-01-01,3051478.3643728956
97,196802,1968-02-01,3104626.640495868
98,196803,1968-03-01,3197080.3443147377
99,196804,1968-04-01,3219580.998484373
100,196805,1968-05-01,3162962.023602738
101,196806,1968-06-01,3097868.567164179
102,196807,1968-07-01,3058868.4658524427
103,196808,1968-08-01,3157657.6151768425
104,196809,1968-09-01,3149303.377344521
105,196810,1968-10-01,3088629.8037090558
106,196811,1968-11-01,3173426.4943074
107,196812,1968-12-01,3030075.1115023475
108,196901,1969-01-01,3141638.875
109,196902,1969-02-01,3048890.854679803
110,196903,1969-03-01,3248483.4113796577
111,196904,1969-04-01,3262551.936080948
112,196905,1969-05-01,3188502.0733747613
113,196906,1969-06-01,3230448.9938470847
114,196907,1969-07-01,3217618.7137049944
115,196908,1969-08-01,3366742.3550647693
116,196909,1969-09-01,3273934.938101788
117,196910,1969-10-01,3381305.7919807374
118,196911,1969-11-01,3260843.6480095624
119,196912,1969-12-01,3454662.5713423337
120,197001,1970-01-01,3227491.3616985935
121,197002,1970-02-01,3513444.0382629647
122,197003,1970-03-01,3468551.3494077832
123,197004,1970-04-01,3297769.1324898195
124,197005,1970-05-01,3518314.325861162
125,197006,1970-06-01,3354880.910173303
126,197007,1970-07-01,3581259.8834521924
127,197008,1970-08-01,3629450.2438398357
128,197009,1970-09-01,3521031.608743037
129,197010,1970-10-01,3429264.494192248
130,197011,1970-11-01,3651150.775688182
131,197012,1970-12-01,3635901.0549694616
132,197101,1971-01-01,3638772.855385603
133,197102,1971-02-01,3517880.4474307485
134,197103,1971-03-01,3563594.420180723
135,197104,1971-04-01,3566858.639563107
136,197105,1971-05-01,3465923.065944882
137,197106,1971-06-01,3538900.6229943843
138,197107,1971-07-01,3418895.547979798
139,197108,1971-08-01,3611613.439685315
140,197109,1971-09-01,3527058.9625251507
141,197110,1971-10-01,3471023.310463562
142,197111,1971-11-01,3640774.6012071567
143,197112,1971-12-01,3732250.3226782293
144,197201,1972-01-01,3648854.1614230396
145,197202,1972-02-01,3670591.3070342205
146,197203,1972-03-01,3638088.8033890435
147,197204,1972-04-01,3624886.0592830884
148,197205,1972-05-01,3747198.5573351905
149,197206,1972-06-01,3669538.684027778
150,197207,1972-07-01,3739648.56693097
151,197208,1972-08-01,3720257.9943693695
152,197209,1972-09-01,3803300.7506855573
153,197210,1972-10-01,3842448.122718978
154,197211,1972-11-01,3791821.789748045
155,197212,1972-12-01,3854859.224468085
156,197301,1973-01-01,3803083.286528716
157,197302,1973-02-01,3821254.998905429
158,197303,1973-03-01,3897362.2998220637
159,197304,1973-04-01,3821256.0811423394
160,197305,1973-05-01,3949080.473414179
161,197306,1973-06-01,4036942.0455629774
162,197307,1973-07-01,4126147.5189035917
163,197308,1973-08-01,4039638.291184971
164,197309,1973-09-01,4069671.7305871216
165,197310,1973-10-01,3921858.24795082
166,197311,1973-11-01,3773434.317401961
167,197312,1973-12-01,4098973.6323591475
168,197401,1974-01-01,3982866.987046093
169,197402,1974-02-01,4070005.975120385
170,197403,1974-03-01,3825223.340004105
171,197404,1974-04-01,3904757.381570409
172,197405,1974-05-01,3945341.9050407046
173,197406,1974-06-01,3896032.928221405
174,197407,1974-07-01,4022502.357836338
175,197408,1974-08-01,3833729.2598316455
176,197409,1974-09-01,3713838.967997651
177,197410,1974-10-01,4293893.287370392
178,197411,1974-11-01,3915697.5362419854
179,197412,1974-12-01,4095524.567615924
180,197501,1975-01-01,4224079.000137817
181,197502,1975-02-01,4134183.036828964
182,197503,1975-03-01,4051311.2049415135
183,197504,1975-04-01,4209544.540840415
184,197505,1975-05-01,4127063.908157603
185,197506,1975-06-01,4187659.5427489174
186,197507,1975-07-01,3889856.1749918913
187,197508,1975-08-01,4118353.4899661653
188,197509,1975-09-01,4014819.304358096
189,197510,1975-10-01,4114196.028564977
190,197511,1975-11-01,4166074.471244588
191,197512,1975-12-01,4185177.605693348
192,197601,1976-01-01,4281524.601228577
193,197602,1976-02-01,4065799.433399603
194,197603,1976-03-01,4192059.985163205
195,197604,1976-04-01,4110517.6312561333
196,197605,1976-05-01,4076264.769021739
197,197606,1976-06-01,4216659.269400786
198,197607,1976-07-01,4251201.16662668
199,197608,1976-08-01,4290010.4737415295
200,197609,1976-09-01,4303040.569312796
201,197610,1976-10-01,4368178.402232581
202,197611,1976-11-01,4338383.851902174
203,197612,1976-12-01,4431178.57330468
204,197701,1977-01-01,4233531.578757226
205,197702,1977-02-01,4264268.789603961
206,197703,1977-03-01,4224619.726640159
207,197704,1977-04-01,4276669.626451287
208,197705,1977-05-01,4199554.132492912
209,197706,1977-06-01,4377186.76226206
210,197707,1977-07-01,4276737.141966068
211,197708,1977-08-01,4327844.501278772
212,197709,1977-09-01,4393462.472721605
213,197710,1977-10-01,4310733.707595477
214,197711,1977-11-01,4387304.685511243
215,197712,1977-12-01,4447889.3872575145
216,197801,1978-01-01,4345842.813711911
217,197802,1978-02-01,4292647.521212632
218,197803,1978-03-01,4376340.478636568
219,197804,1978-04-01,4582377.447821163
220,197805,1978-05-01,4362575.708987784
221,197806,1978-06-01,4296678.603701618
222,197807,1978-07-01,4566750.916375142
223,197808,1978-08-01,4358752.133662175
224,197809,1978-09-01,4313132.124037536
225,197810,1978-10-01,4119843.7854125253
226,197811,1978-11-01,4451589.267236829
227,197812,1978-12-01,4482626.412444075
228,197901,1979-01-01,4481480.1812757
229,197902,1979-02-01,4384039.783543724
230,197903,1979-03-01,4501931.866883117
231,197904,1979-04-01,4399276.80582762
232,197905,1979-05-01,4392845.972876767
233,197906,1979-06-01,4426643.005162242
234,197907,1979-07-01,4401637.031402142
235,197908,1979-08-01,4416678.13547486
236,197909,1979-09-01,4329624.777854512
237,197910,1979-10-01,4194467.2894736845
238,197911,1979-11-01,4378100.355593056
239,197912,1979-12-01,4265246.912105751
240,198001,1980-01-01,4368932.652164112
241,198002,1980-02-01,4138525.973547268
242,198003,1980-03-01,4189861.9890162367
243,198004,1980-04-01,4419381.8762135925
244,198005,1980-05-01,4412383.325208914
245,198006,1980-06-01,4231074.637870856
246,198007,1980-07-01,4324593.804257095
247,198008,1980-08-01,4205372.091599191
248,198009,1980-09-01,4179162.3567193677
249,198010,1980-10-01,4121498.6895161294
250,198011,1980-11-01,4310714.205508475
251,198012,1980-12-01,4302060.855337079
252,198101,1981-01-01,4191216.8289473685
253,198102,1981-02-01,4442053.782126168
254,198103,1981-03-01,4384597.891798048
255,198104,1981-04-01,4297629.993954613
256,198105,1981-05-01,4383237.247532271
257,198106,1981-06-01,4319992.833994709
258,198107,1981-07-01,4400959.608830364
259,198108,1981-08-01,4132842.605131173
260,198109,1981-09-01,4352211.269019443
261,198110,1981-10-01,4485558.019616026
262,198111,1981-11-01,4575158.567432872
263,198112,1981-12-01,4441975.266558967
264,198201,1982-01-01,4676139.87158994
265,198202,1982-02-01,4538851.847707423
266,198203,1982-03-01,4680198.462883574
267,198204,1982-04-01,4657104.239036974
268,198205,1982-05-01,4494293.752147766
269,198206,1982-06-01,4731829.298085688
270,198207,1982-07-01,4679125.181101462
271,198208,1982-08-01,5231029.373860529
272,198209,1982-09-01,4722950.396752451
273,198210,1982-10-01,4835988.430670686
274,198211,1982-11-01,4864852.489138306
275,198212,1982-12-01,4998913.394010043
276,198301,1983-01-01,5007573.743069992
277,198302,1983-02-01,4996654.441416893
278,198303,1983-03-01,4968044.569618169
279,198304,1983-04-01,5147522.327996195
280,198305,1983-05-01,4861064.054692261
281,198306,1983-06-01,4959313.631310096
282,198307,1983-07-01,4818657.896706587
283,198308,1983-08-01,5014050.0
284,198309,1983-09-01,4980869.985047847
285,198310,1983-10-01,4931527.0147584975
286,198311,1983-11-01,5084907.94718523
287,198312,1983-12-01,5097042.35629562
288,198401,1984-01-01,4938812.836538461
289,198402,1984-02-01,4884834.189446917
290,198403,1984-03-01,4940874.427414231
291,198404,1984-04-01,4971295.858978427
292,198405,1984-05-01,4722871.112707536
293,198406,1984-06-01,4908184.090463749
294,198407,1984-07-01,4951169.2926869625
295,198408,1984-08-01,5032897.230079075
296,198409,1984-09-01,4963698.309000602
297,198410,1984-10-01,5030296.630006067
298,198411,1984-11-01,4931960.71707757
299,198412,1984-12-01,5097052.539513677
300,198501,1985-01-01,5252488.554050117
301,198502,1985-02-01,5006878.171641791
302,198503,1985-03-01,5000815.888377926
303,198504,1985-04-01,4958638.213593577
304,198505,1985-05-01,5103777.593969713
305,198506,1985-06-01,5063214.575833774
306,198507,1985-07-01,4956053.723376623
307,198508,1985-08-01,4997546.901885289
308,198509,1985-09-01,4947258.035035307
309,198510,1985-10-01,5080211.154672395
310,198511,1985-11-01,5119486.537974684
311,198512,1985-12-01,5148090.173058369
312,198601,1986-01-01,5152558.762608069
313,198602,1986-02-01,5242160.504785779
314,198603,1986-03-01,5213639.4893456735
315,198604,1986-04-01,5030944.06617647
316,198605,1986-05-01,5250822.076519916
317,198606,1986-06-01,5193274.497554015
318,198607,1986-07-01,5010410.193588676
319,198608,1986-08-01,5265748.094897959
320,198609,1986-09-01,4938886.144565674
321,198610,1986-10-01,5241499.426074136
322,198611,1986-11-01,5190684.645552835
323,198612,1986-12-01,4984682.958567981
324,198701,1987-01-01,5333854.8563327035
325,198702,1987-02-01,5199410.295478819
326,198703,1987-03-01,5113764.310683761
327,198704,1987-04-01,5126779.506999654
328,198705,1987-05-01,5142084.990055344
329,198706,1987-06-01,5217926.122262774
330,198707,1987-07-01,5307117.849080942
331,198708,1987-08-01,5206608.5264875535
332,198709,1987-09-01,5249126.616724192
333,198710,1987-10-01,4703130.1918272665
334,198711,1987-11-01,4913242.917857143
335,198712,1987-12-01,5346916.897302904
336,198801,1988-01-01,5324131.157185629
337,198802,1988-02-01,5392363.57032158
338,198803,1988-03-01,5042033.679902146
339,198804,1988-04-01,5175305.904893373
340,198805,1988-05-01,5336325.097618117
341,198806,1988-06-01,5243825.076191356
342,198807,1988-07-01,5252282.567818655
343,198808,1988-08-01,5169341.5628555175
344,198809,1988-09-01,5276574.632929104
345,198810,1988-10-01,5187186.222062005
346,198811,1988-11-01,5208871.612084871
347,198812,1988-12-01,5140751.148734177
348,198901,1989-01-01,5309849.651804485
349,198902,1989-02-01,4990535.284013606
350,198903,1989-03-01,5106930.097796379
351,198904,1989-04-01,5195786.524561694
352,198905,1989-05-01,5187046.212169481
353,198906,1989-06-01,4975119.109514983
354,198907,1989-07-01,5310329.854624887
355,198908,1989-08-01,5173217.979298904
356,198909,1989-09-01,5118093.465663691
357,198910,1989-10-01,5054054.999280369
358,198911,1989-11-01,5265689.769988243
359,198912,1989-12-01,5244885.19614171
360,199001,1990-01-01,5026416.247021795
361,199002,1990-02-01,5215754.355046149
362,199003,1990-03-01,5229867.132748331
363,199004,1990-04-01,5105471.690002365
364,199005,1990-05-01,5393545.669878658
365,199006,1990-06-01,5205335.172313327
366,199007,1990-07-01,5205699.389981391
367,199008,1990-08-01,5135623.292517006
368,199009,1990-09-01,5112951.47664944
369,199010,1990-10-01,5267243.378809586
370,199011,1990-11-01,5444737.887738273
371,199012,1990-12-01,5344341.002281369
372,199101,1991-01-01,5635672.882039387
373,199102,1991-02-01,5399492.906683045
374,199103,1991-03-01,5412790.091463415
375,199104,1991-04-01,5299015.105483565
376,199105,1991-05-01,5541351.21134157
377,199106,1991-06-01,5303227.787874382
378,199107,1991-07-01,5528578.287155143
379,199108,1991-08-01,5514046.637776066
380,199109,1991-09-01,5499047.971655475
381,199110,1991-10-01,5567358.73526675
382,199111,1991-11-01,5398440.4449108625
383,199112,1991-12-01,5990538.826220689
384,199201,1992-01-01,5510420.756525188
385,199202,1992-02-01,5603312.7454188485
386,199203,1992-03-01,5607263.585955911
387,199204,1992-04-01,5755451.1115951985
388,199205,1992-05-01,5679027.125671994
389,199206,1992-06-01,5693871.47873956
390,199207,1992-07-01,5828216.819057944
391,199208,1992-08-01,5660113.994867561
392,199209,1992-09-01,5695756.535557254
393,199210,1992-10-01,5805804.955151515
394,199211,1992-11-01,5839056.823946411
395,199212,1992-12-01,5719506.978238913
396,199301,1993-01-01,5732869.08502401
397,199302,1993-02-01,5705247.87383971
398,199303,1993-03-01,5713481.240003554
399,199304,1993-04-01,5660379.321454365
400,199305,1993-05-01,5761929.982313307
401,199306,1993-06-01,5720692.04347632
402,199307,1993-07-01,5672537.760736882
403,199308,1993-08-01,5767360.352487173
404,199309,1993-09-01,5638791.312276805
405,199310,1993-10-01,5736549.036969175
406,199311,1993-11-01,5728202.020458424
407,199312,1993-12-01,5775902.62286726
408,199401,1994-01-01,5882142.65523584
409,199402,1994-02-01,5756401.9819012685
410,199403,1994-03-01,5614108.459552403
411,199404,1994-04-01,5885623.124986025
412,199405,1994-05-01,5887986.348552895
413,199406,1994-06-01,5748513.351691841
414,199407,1994-07-01,5993477.683733939
415,199408,1994-08-01,6050086.606267771
416,199409,1994-09-01,5950736.9702437045
417,199410,1994-10-01,6124397.961045471
418,199411,1994-11-01,5929147.185934145
419,199412,1994-12-01,6098107.808964388
420,199501,1995-01-01,6111854.157979581
421,199502,1995-02-01,6133044.965093542
422,199503,1995-03-01,6198003.478404137
423,199504,1995-04-01,6180597.983156464
424,199505,1995-05-01,6238154.136757604
425,199506,1995-06-01,6198691.749327894
426,199507,1995-07-01,6198213.196462852
427,199508,1995-08-01,6173700.4326071795
428,199509,1995-09-01,6240023.565060386
429,199510,1995-10-01,6206198.790357168
430,199511,1995-11-01,6338864.973427032
431,199512,1995-12-01,6270992.290748002
432,199601,1996-01-01,6523672.686506787
433,199602,1996-02-01,6238312.382320566
434,199603,1996-03-01,6311247.221127544
435,199604,1996-04-01,6433388.746967567
436,199605,1996-05-01,6471974.003939628
437,199606,1996-06-01,6445279.948017951
438,199607,1996-07-01,6401805.5368593475
439,199608,1996-08-01,6345962.618081125
440,199609,1996-09-01,6600523.2292222325
441,199610,1996-10-01,6521212.1618659645
442,199611,1996-11-01,6681327.505539169
443,199612,1996-12-01,6490725.594180962
444,199701,1997-01-01,6741328.984169037
445,199702,1997-02-01,6517202.34389306
446,199703,1997-03-01,6293844.475626768
447,199704,1997-04-01,6959320.830769835
448,199705,1997-05-01,6773961.143153801
449,199706,1997-06-01,6768733.745178537
450,199707,1997-07-01,6941319.455714241
451,199708,1997-08-01,6620405.29899217
452,199709,1997-09-01,6920852.177214734
453,199710,1997-10-01,6585737.311907303
454,199711,1997-11-01,7004776.832930677
455,199712,1997-12-01,6966702.9098085975
456,199801,1998-01-01,7108531.119532159
457,199802,1998-02-01,7160892.355517006
458,199803,1998-03-01,7161200.604784414
459,199804,1998-04-01,7019109.578959495
460,199805,1998-05-01,6919949.7256229585
461,199806,1998-06-01,7278472.726911331
462,199807,1998-07-01,6975966.894718697
463,199808,1998-08-01,6477801.795402097
464,199809,1998-09-01,7308034.822635797
465,199810,1998-10-01,7996261.39264337
466,199811,1998-11-01,7691214.60279353
467,199812,1998-12-01,7846385.239853368
468,199901,1999-01-01,7926657.8714598045
469,199902,1999-02-01,7680952.778702531
470,199903,1999-03-01,7786884.08909149
471,199904,1999-04-01,7773333.906189128
472,199905,1999-05-01,7621025.266127156
473,199906,1999-06-01,8150165.16074534
474,199907,1999-07-01,7585645.893389887
475,199908,1999-08-01,7870628.68547974
476,199909,1999-09-01,7713093.238258342
477,199910,1999-10-01,8453010.895744618
478,199911,1999-11-01,8087612.571915529
479,199912,1999-12-01,8492428.569400601
480,200001,2000-01-01,8127062.029702944
481,200002,2000-02-01,8192373.582997668
482,200003,2000-03-01,8687677.811667738
483,200004,2000-04-01,8362318.502508951
484,200005,2000-05-01,8446508.445058232
485,200006,2000-06-01,8446634.534456516
486,200007,2000-07-01,8365264.105167041
487,200008,2000-08-01,8823680.723939978
488,200009,2000-09-01,8485619.641350424
489,200010,2000-10-01,8935386.338104824
490,200011,2000-11-01,8309858.682846651
491,200012,2000-12-01,8692929.603793265
492,200101,2001-01-01,8995413.750101076
493,200102,2001-02-01,8377965.480675857
494,200103,2001-03-01,8644899.250086656
495,200104,2001-04-01,9320766.803149331
496,200105,2001-05-01,8785874.627456222
497,200106,2001-06-01,8797676.806150915
498,200107,2001-07-01,8964365.884461787
499,200108,2001-08-01,8602398.837496817
500,200109,2001-09-01,8918402.759566138
501,200110,2001-10-01,8844193.167860402
502,200111,2001-11-01,9067515.677607818
503,200112,2001-12-01,9038793.590429109
504,200201,2002-01-01,8955465.05575828
505,200202,2002-02-01,9094746.308048733
506,200203,2002-03-01,8994611.365707798
507,200204,2002-04-01,8760702.022316152
508,200205,2002-05-01,8963817.981684502
509,200206,2002-06-01,8848302.161811406
510,200207,2002-07-01,9311233.177311612
511,200208,2002-08-01,9152923.100554708
512,200209,2002-09-01,8562408.591947546
513,200210,2002-10-01,9449702.047935365
514,200211,2002-11-01,9355519.404221172
515,200212,2002-12-01,8900110.951952891
516,200301,2003-01-01,8687080.32319499
517,200302,2003-02-01,9137338.935522024
518,200303,2003-03-01,9124301.866744623
519,200304,2003-04-01,9389748.052627439
520,200305,2003-05-01,9374682.365314756
521,200306,2003-06-01,8985219.4994251
522,200307,2003-07-01,9100891.008580007
523,200308,2003-08-01,9299746.242173556
524,200309,2003-09-01,8957907.507796437
525,200310,2003-10-01,9268954.171981169
526,200311,2003-11-01,9244104.55864368
527,200312,2003-12-01,9398653.870928338
528,200401,2004-01-01,9128753.577849397
529,200402,2004-02-01,9178841.09211622
530,200403,2004-03-01,9211687.286063807
531,200404,2004-04-01,9022121.83268335
532,200405,2004-05-01,9381077.183068246
533,200406,2004-06-01,9282000.936835693
534,200407,2004-07-01,9201599.18119094
535,200408,2004-08-01,9370667.497661395
536,200409,2004-09-01,9202766.159019738
537,200410,2004-10-01,9309230.546624897
538,200411,2004-11-01,9218488.860932127
539,200412,2004-12-01,9331760.382651912
540,200501,2005-01-01,9221133.544992846
541,200502,2005-02-01,9245310.509673815
542,200503,2005-03-01,9122932.628496109
543,200504,2005-04-01,9174616.227346426
544,200505,2005-05-01,9312606.140626252
545,200506,2005-06-01,9123121.071457684
546,200507,2005-07-01,9306732.824968092
547,200508,2005-08-01,9192717.87562384
548,200509,2005-09-01,9240594.718407791
549,200510,2005-10-01,9334742.137856975
550,200511,2005-11-01,9331019.446576199
551,200512,2005-12-01,9139164.598865358
552,200601,2006-01-01,9217347.968969213
553,200602,2006-02-01,9255743.85198814
554,200603,2006-03-01,9236573.560131665
555,200604,2006-04-01,9308184.75905321
556,200605,2006-05-01,9122250.015356058
557,200606,2006-06-01,9387810.148982229
558,200607,2006-07-01,9358023.15305175
559,200608,2006-08-01,9326870.892076943
560,200609,2006-09-01,9324428.361838223
561,200610,2006-10-01,9278437.726443589
562,200611,2006-11-01,9259878.113567043
563,200612,2006-12-01,9200655.839363804
564,200701,2007-01-01,9280550.180212377
565,200702,2007-02-01,8925629.726526469
566,200703,2007-03-01,9245596.344656548
567,200704,2007-04-01,9249194.852190662
568,200705,2007-05-01,9220512.03223444
569,200706,2007-06-01,9023792.17078049
570,200707,2007-07-01,8683045.673855415
571,200708,2007-08-01,9164505.525960231
572,200709,2007-09-01,9203495.799866885
573,200710,2007-10-01,9061069.992988061
574,200711,2007-11-01,9086265.779594913
575,200712,2007-12-01,8920196.213558361
576,200801,2008-01-01,8957149.14241227
577,200802,2008-02-01,8766976.232655348
578,200803,2008-03-01,8969502.993314106
579,200804,2008-04-01,9015613.967297496
580,200805,2008-05-01,8893891.938710045
581,200806,2008-06-01,8542027.78583153
582,200807,2008-07-01,9037161.665733475
583,200808,2008-08-01,8969917.30470686
584,200809,2008-09-01,8635660.811025925
585,200810,2008-10-01,9003024.552999815
586,200811,2008-11-01,9104740.878752854
587,200812,2008-12-01,9257908.289832514
588,200901,2009-01-01,8590431.750826035
589,200902,2009-02-01,8227817.010978764
590,200903,2009-03-01,9517334.864813281
591,200904,2009-04-01,9258061.615897635
592,200905,2009-05-01,9187320.081996487
593,200906,2009-06-01,9023737.302856617
594,200907,2009-07-01,9574142.922092635
595,200908,2009-08-01,9197472.416490318
596,200909,2009-09-01,9260007.634697469
597,200910,2009-10-01,8852802.882056769
598,200911,2009-11-01,9183981.158782091
599,200912,2009-12-01,9225958.43799127
600,201001,2010-01-01,8782285.730178528
601,201002,2010-02-01,9355772.618483528
602,201003,2010-03-01,9411765.270408306
603,201004,2010-04-01,9193535.867743978
604,201005,2010-05-01,8981179.383964118
605,201006,2010-06-01,8811337.559916383
606,201007,2010-07-01,9438894.562304556
607,201008,2010-08-01,8934526.349660585
608,201009,2010-09-01,9415739.764167672
609,201010,2010-10-01,9346451.361381212
610,201011,2010-11-01,9132291.864610504
611,201012,2010-12-01,9416562.273478273
612,201101,2011-01-01,9352591.031017972
613,201102,2011-02-01,9348296.949050412
614,201103,2011-03-01,9475684.169246465
615,201104,2011-04-01,9554049.10673594
616,201105,2011-05-01,9374565.504824683
617,201106,2011-06-01,9564051.296553371
618,201107,2011-07-01,9113325.951008487
619,201108,2011-08-01,9594293.328092221
620,201109,2011-09-01,8984919.046921132
621,201110,2011-10-01,9663794.568631178
622,201111,2011-11-01,9419188.022702059
623,201112,2011-12-01,9374852.61171959
624,201201,2012-01-01,9346544.769623583
625,201202,2012-02-01,9334044.6232204
626,201203,2012-03-01,9386062.844842656
627,201204,2012-04-01,9330575.628566649
628,201205,2012-05-01,9038430.292388408
629,201206,2012-06-01,9523171.550266812
630,201207,2012-07-01,9386061.71044591
631,201208,2012-08-01,9249723.846736621
632,201209,2012-09-01,9223179.196859596
633,201210,2012-10-01,9072219.773811333
634,201211,2012-11-01,9360605.451289678
635,201212,2012-12-01,9243391.714613926
636,201301,2013-01-01,9327455.297388468
637,201302,2013-02-01,9207244.853069557
638,201303,2013-03-01,9309007.384000812
639,201304,2013-04-01,9353684.103218922
640,201305,2013-05-01,9153372.386225127
641,201306,2013-06-01,9139175.432031939
642,201307,2013-07-01,9277592.63047836
643,201308,2013-08-01,8962355.06215434
644,201309,2013-09-01,9146748.884537894
645,201310,2013-10-01,9351151.938287593
646,201311,2013-11-01,9268321.679988405
647,201312,2013-12-01,9431231.691818727
648,201401,2014-01-01,9012315.087370941
649,201402,2014-02-01,9433763.653697375
650,201403,2014-03-01,9249285.760223962
651,201404,2014-04-01,9206447.449987056
652,201405,2014-05-01,9253348.40037176
653,201406,2014-06-01,9146225.621343086
654,201407,2014-07-01,8877968.551076049
655,201408,2014-08-01,9248060.485191222
656,201409,2014-09-01,8959075.071812777
657,201410,2014-10-01,9412419.12210923
658,201411,2014-11-01,9137438.78946852
659,201412,2014-12-01,9085062.831860067
660,201501,2015-01-01,8924915.093734415
661,201502,2015-02-01,9141744.221503757
662,201503,2015-03-01,9019665.576953737
663,201504,2015-04-01,9021718.631323477
664,201505,2015-05-01,9022805.28648091
665,201506,2015-06-01,8876753.433394866
666,201507,2015-07-01,9077019.116430493
667,201508,2015-08-01,8722454.434248319
668,201509,2015-09-01,8899971.182937775
669,201510,2015-10-01,9216126.526050815
670,201511,2015-11-01,8965377.435932387
671,201512,2015-12-01,8921100.428852655
672,201601,2016-01-01,9064880.242403278
673,201602,2016-02-01,9050862.358220361
674,201603,2016-03-01,9076074.273547718
675,201604,2016-04-01,8873064.809680464
676,201605,2016-05-01,9015293.156597149
677,201606,2016-06-01,8938572.512419812
678,201607,2016-07-01,8952320.154697426
679,201608,2016-08-01,8840062.969553072
680,201609,2016-09-01,8894838.38534631
681,201610,2016-10-01,8770813.542022226
682,201611,2016-11-01,8951837.98623525
683,201612,2016-12-01,8775596.52129374
684,201701,2017-01-01,8816001.355736673
685,201702,2017-02-01,8906915.962847807
686,201703,2017-03-01,8777113.439040218
687,201704,2017-04-01,8883693.134274635
688,201705,2017-05-01,8838156.098301485
689,201706,2017-06-01,8740544.019794932
690,201707,2017-07-01,8802861.780955996
691,201708,2017-08-01,8791106.663404586
692,201709,2017-09-01,8827324.307172317
693,201710,2017-10-01,8790192.696881216
694,201711,2017-11-01,8904970.902351463
695,201712,2017-12-01,8734396.110346572
696,201801,2018-01-01,8810418.989148498
697,201802,2018-02-01,8709423.26148011
698,201803,2018-03-01,8490449.055795576
699,201804,2018-04-01,8652160.907996258
700,201805,2018-05-01,8673737.349377574
701,201806,2018-06-01,8524858.878854906
702,201807,2018-07-01,8681204.3637084
703,201808,2018-08-01,8739260.807888277
704,201809,2018-09-01,8615175.81742338
705,201810,2018-10-01,8363396.910740815
706,201811,2018-11-01,8662250.118540145
707,201812,2018-12-01,8328751.677451792
708,201901,2019-01-01,8852072.878489647
709,201902,2019-02-01,8601209.16522689
710,201903,2019-03-01,8586853.237020293
711,201904,2019-04-01,8603527.107908463
712,201905,2019-05-01,8167871.955970883
713,201906,2019-06-01,8630931.167463498
714,201907,2019-07-01,8442111.019630956
715,201908,2019-08-01,8565515.70583844
716,201909,2019-09-01,8461271.595566003
717,201910,2019-10-01,8640564.419035606
718,201911,2019-11-01,8559010.639337415
719,201912,2019-12-01,8614141.14502204
720,202001,2020-01-01,8317499.846964191
721,202002,2020-02-01,7607357.724989845
722,202003,2020-03-01,8228567.661001633
723,202004,2020-04-01,8911193.015927723
724,202005,2020-05-01,8816086.631247707
725,202006,2020-06-01,8460281.285482166
726,202007,2020-07-01,8644895.272187581
727,202008,2020-08-01,8750062.22720312
728,202009,2020-09-01,8486955.066111552
729,202010,2020-10-01,8116586.306659529
730,202011,2020-11-01,8660534.452153878
731,202012,2020-12-01,8804225.650682442
732,202101,2021-01-01,8481193.713471897
733,202102,2021-02-01,8482385.903671976
734,202103,2021-03-01,8803853.991491603
735,202104,2021-04-01,8728003.33757615
736,202105,2021-05-01,8715540.843619457
737,202106,2021-06-01,8755113.040824948
738,202107,2021-07-01,8699361.232590292
739,202108,2021-08-01,8759125.692135276
740,202109,2021-09-01,8378445.608965595
741,202110,2021-10-01,8913389.042098569
742,202111,2021-11-01,8435185.54052219
743,202112,2021-12-01,8796728.13560642
744,202201,2022-01-01,8502245.640063884
745,202202,2022-02-01,8486123.967022765
746,202203,2022-03-01,8868578.796038313
747,202204,2022-04-01,8101215.250963362
748,202205,2022-05-01,8783630.30524513
749,202206,2022-06-01,8343708.058276996
750,202207,2022-07-01,9084242.58383621
751,202208,2022-08-01,8172093.391861987
752,202209,2022-09-01,8010139.811105228
753,202210,2022-10-01,8935417.367359884
754,202211,2022-11-01,8933966.8554497
755,202212,2022-12-01,8416283.58869384
